# Created by Octave 5.1.0, Tue Jan 28 17:57:32 2020 GMT <unknown@DESKTOP-3QRHJ7L>
# name: a
# type: matrix
# rows: 1
# columns: 3
 123 2342 2342


