# Created by Octave 5.1.0, Tue Jan 28 19:21:37 2020 GMT <unknown@DESKTOP-3QRHJ7L>
# name: listOfObstacles
# type: matrix
# rows: 3
# columns: 208
 -129.93078865385706 -144.82083293627878 -449.13251632162849 393.32724682917359 -461.05983856241778 -462.47651876852586 201.74875556985461 -318.95904525352501 -396.57558669606334 298.17634779051645 -339.51737454393401 -245.40596585700749 381.42899065291721 -436.88079247649819 -446.49436074533924 379.99945836403936 185.93057276043638 -494.4506321959056 147.0970390343002 424.72638265796098 -478.40437289542314 209.13319251138512 270.00754739600734 52.104013473639974 -258.71998414791443 -185.16214658176941 338.86464572006088 -200.44670071526443 -25.544482557813541 427.3267970087258 -181.47559460865841 344.96825528835888 383.37630136664211 -271.98160595928402 212.05827257072872 138.23430937905172 204.70453798562474 7.1966216106199878 -160.1723248509509 344.05720918419149 -113.57794190286445 -222.39929145125669 -61.586841897490039 -427.31546640510959 -257.85518421914259 -472.25503110461136 327.19746740977456 444.21678221043413 -448.03982787121322 230.22694184137495 322.33351998685379 -112.74726456598792 -65.712647761141071 84.123520264727944 187.44258968830391 130.04989949339486 -182.7441700598265 219.29436284916255 345.10496497243793 -182.21213448196315 -220.96954785466554 421.4261785542455 -259.07069087015668 -131.22627702710807 123.64087019506898 334.96267960034317 395.19041073661577 476.08871930868975 -427.28351837291325 60.971544590892002 -455.3009704743759 -183.0515279611885 -484.440257676871 440.15355173180654 405.61424532647692 -186.02848308159631 118.75887990945907 77.361203844799292 -465.55030901073445 406.85953269766719 -226.07149715755142 290.12649897580354 130.31411285195085 23.794691391774677 -205.55064592280354 -17.142859983968702 -470.34147631762426 405.27866187346626 -36.72246977998428 286.63247224746141 225.45107257456561 365.8114543952463 -427.54870216301526 337.9103096658805 451.84278527763217 -272.42912377498652 258.65410678682741 -276.14596078747866 -72.077058467012534 132.33804683593203 213.36922709950233 -269.60478166773692 -197.21164398531837 465.11852645967656 445.50541645670307 -114.94673228389362 -423.8483557054837 373.99490998686377 324.32000959625265 -362.14018325353089 -415.28483739188647 257.03790350365608 324.57710480219157 150.87630829850045 283.86012650112929 409.58343107619248 186.34108863860249 -428.70808185458452 -248.69475639694846 426.45439483398735 481.52997381444766 164.04169783494299 -330.11008969394373 398.08401495690657 394.3537276739051 -201.00887771305054 -292.38507546110799 122.00946685247452 130.94962049598826 -290.64852335086448 369.47241111431651 -167.27794332244781 -477.30279170807393 166.54740701975402 377.9780569332072 -489.40126068624858 36.604675136026522 -244.45090761768412 278.0473520923573 -376.74487989215606 284.36035408975351 485.02225923544455 -81.937834554620977 -288.76224075070877 314.04262313798387 473.37769174976631 -458.37880083812678 4.2262204139590187 246.85546049253858 71.8855363386363 446.17098197404931 -387.24493662932355 147.31988903154948 267.43765432324682 -122.97794616101149 -400.69480203091979 220.01567247842905 305.16366226159187 -120.70148798702469 -445.59036644837596 362.83091943992599 -270.91578558129828 -18.038937175030469 300.5138198054409 -167.54719176883975 -74.468642576066031 492.29881490897054 -286.87297236126005 -16.979725035875891 24.847678225112592 -26.749965979592879 -496.51394633460018 335.85207375788559 286.63437363076508 -226.53360562216884 173.60197214014624 -20.250859012127805 -246.999718010582 106.71464095422414 412.21754225476508 -490.99415300208545 -307.60373363581135 353.5018738208542 200.6149090081156 168.81461217117791 13.828972645778338 399.27314510437469 465.34418394065449 -143.25417318278122 -366.59967494392907 336.24239372909847 326.73846403142358 153.19872806310048 -42.771844636186934 -353.04437107241046 22.651695389473492 471.51234695431037 351.7926657505235 -270.98199508386773 -213.39075082153849 -484.13608181574574 -144.59620843923227 212.21067733782579 495.78622928611287 383.6686848164826 -36.986139968043332 123.8241376773228 -362.22061256182673
